52300.389214855575,52316.944214855575,4811.8973,4811.8973,301.1333,301.1334
52359.033214855575,52370.16121485557,4811.8972,4811.8973,301.133,301.1331
52425.69521485557,52436.321214855576,4811.8972,4811.8973,301.1329,301.1329
52445.24421485557,52447.93721485558,4811.8972,4811.8972,301.1328,301.1328
52499.08121485557,52517.02621485558,4811.8968,4811.8969,301.1325,301.1326
52517.22721485557,52522.03921485558,4811.8968,4811.8968,301.1326,301.1326
52576.97121485558,52589.95421485558,4811.8971,4811.8973,301.1325,301.1325
52644.94721485557,52662.972214855574,4811.8976,4811.8977,301.1324,301.1324
52662.980214855575,52664.79921485557,4811.8977,4811.8977,301.1324,301.1324
52733.959214855575,52735.400214855574,4811.8976,4811.8976,301.1324,301.1324
