52248.841231109844,52266.836231109846,4811.8797,4811.8799,301.1369,301.137
52266.84623110984,52269.60823110984,4811.8798,4811.8798,301.1369,301.1369
52292.853231109846,52302.067231109846,4811.8797,4811.8797,301.137,301.137
52360.99423110984,52378.87323110984,4811.8795,4811.8796,301.1367,301.1369
52379.07323110984,52381.849231109845,4811.8794,4811.8794,301.1367,301.1367
52417.89223110984,52428.11923110984,4811.8794,4811.8794,301.1367,301.1367
52515.84823110984,52516.828231109845,4811.8794,4811.8794,301.1367,301.1367
52583.061231109845,52594.45423110984,4811.8793,4811.8794,301.1368,301.1371
52636.116231109845,52646.82723110984,4811.8792,4811.8792,301.1368,301.1369
52716.83123110984,52734.24223110984,4811.8791,4811.8791,301.1368,301.1368
52734.442231109846,52734.94123110984,4811.8791,4811.8791,301.1368,301.1368
