52300.188214855574,52318.133214855574,4811.8973,4811.8973,301.1333,301.1334
52318.334214855575,52318.94521485557,4811.8974,4811.8974,301.1333,301.1333
52358.97521485557,52369.95421485558,4811.8972,4811.8973,301.133,301.1331
52425.29521485558,52443.23821485558,4811.8972,4811.8973,301.1328,301.1329
52443.779214855575,52446.046214855574,4811.8972,4811.8972,301.1328,301.1328
52498.95321485557,52516.94521485557,4811.8968,4811.8969,301.1325,301.1326
52516.95321485557,52520.23521485557,4811.8968,4811.8968,301.1326,301.1326
52571.266214855576,52586.103214855575,4811.8971,4811.8972,301.1325,301.1325
52644.93921485557,52662.963214855576,4811.8976,4811.8977,301.1324,301.1324
52662.972214855574,52665.50921485558,4811.8977,4811.8977,301.1324,301.1324
52732.993214855574,52735.90121485558,4811.8976,4811.8976,301.1324,301.1324
