52237.1675863037,52237.1675863037,4811.8938,4811.8938,301.1288,301.1288
52238.1675863038,52238.1675863038,4811.8924,4811.8924,301.1296,301.1296
52240.167586304,52240.167586304,4811.8911,4811.8911,301.1302,301.1302
52241.1675863041,52241.1675863041,4811.8886,4811.8886,301.1322,301.1322
52242.1675863042,52242.1675863042,4811.8873,4811.8873,301.1335,301.1335
52243.1675863043,52243.1675863043,4811.886,4811.886,301.1349,301.1349
52244.1675863044,52244.1675863044,4811.8846,4811.8846,301.1363,301.1363
52245.1675863045,52245.1675863045,4811.8832,4811.8832,301.1376,301.1376
52246.1675863046,52246.1675863046,4811.8817,4811.8817,301.1387,301.1387
52247.1675863047,52247.1675863047,4811.88,4811.88,301.1398,301.1398
52248.1675863048,52248.1675863048,4811.8783,4811.8783,301.1408,301.1408
52249.1675863049,52249.1675863049,4811.8766,4811.8766,301.1416,301.1416
52250.167586305,52250.167586305,4811.875,4811.875,301.1423,301.1423
52251.1675863051,52251.1675863051,4811.8736,4811.8736,301.143,301.143
52252.1675863052,52252.1675863052,4811.8723,4811.8723,301.1437,301.1437
52253.1675863053,52253.1675863053,4811.8711,4811.8711,301.1443,301.1443
52254.1675863054,52254.1675863054,4811.87,4811.87,301.1448,301.1448
52255.1675863055,52255.1675863055,4811.8689,4811.8689,301.1453,301.1453
52256.1675863056,52256.1675863056,4811.8677,4811.8677,301.1457,301.1457
52257.1675863057,52257.1675863057,4811.8666,4811.8666,301.1458,301.1458
52258.1675863058,52258.1675863058,4811.8654,4811.8654,301.1457,301.1457
52259.1675863059,52259.1675863059,4811.8643,4811.8643,301.1455,301.1455
