52210.76521485557,52221.96421485557,4811.8988,4811.8989,301.1327,301.1328
52300.188214855574,52318.133214855574,4811.8973,4811.8973,301.1333,301.1334
52318.334214855575,52322.96821485557,4811.8974,4811.8974,301.1333,301.1333
52358.23321485557,52370.36121485558,4811.8972,4811.8973,301.133,301.1331
52425.194214855575,52443.13821485557,4811.8972,4811.8973,301.1328,301.1329
52443.33921485557,52446.959214855575,4811.8972,4811.8972,301.1328,301.1328
52498.944214855575,52516.936214855574,4811.8968,4811.8969,301.1325,301.1326
52516.94521485557,52532.366214855574,4811.8968,4811.8968,301.1326,301.1326
52542.19121485557,52543.95421485558,4811.8969,4811.8969,301.1326,301.1326
52570.864214855574,52588.95021485558,4811.8971,4811.8973,301.1325,301.1325
52589.01121485557,52589.707214855574,4811.8973,4811.8973,301.1325,301.1325
52644.25221485557,52662.20021485558,4811.8976,4811.8977,301.1324,301.1324
52662.400214855574,52666.412214855576,4811.8977,4811.8977,301.1324,301.1324
52726.95621485557,52738.95621485557,4811.8976,4811.8977,301.1324,301.1324
54904.55521485557,54907.07021485557,4811.896,4811.896,301.1331,301.1331
55517.82921485558,55526.26321485557,4811.8956,4811.8956,301.1326,301.1326
55608.817214855575,55618.86121485558,4811.8955,4811.8955,301.1324,301.1324
55626.82521485558,55630.08721485557,4811.8955,4811.8955,301.1324,301.1324
56141.87821485558,56159.79221485557,4811.8953,4811.8954,301.1326,301.1328
56161.79521485558,56164.14221485557,4811.8954,4811.8954,301.1328,301.1328
56237.048214855575,56249.18021485557,4811.8954,4811.8954,301.133,301.1331
56989.59821485558,56996.82021485557,4811.8952,4811.8952,301.1333,301.1333
57327.89921485558,57345.840214855576,4811.8951,4811.8951,301.1332,301.1332
57346.04021485557,57347.77421485558,4811.8951,4811.8951,301.1332,301.1332
57414.75621485557,57420.00721485558,4811.895,4811.895,301.1332,301.1332
57470.01521485557,57485.349214855574,4811.895,4811.895,301.1332,301.1332
57560.921214855574,57578.86121485558,4811.8952,4811.8955,301.1332,301.1333
57579.061214855574,57586.87921485557,4811.8955,4811.8955,301.1333,301.1333
57620.650214855574,57638.75721485558,4811.8954,4811.8955,301.1332,301.1333
57638.79121485558,57654.75421485557,4811.8954,4811.8954,301.1329,301.1332
57657.75521485558,57667.75321485558,4811.8953,4811.8954,301.1329,301.133
57679.741214855574,57687.75321485558,4811.8954,4811.8954,301.1329,301.1329
58750.639214855575,58768.72321485558,4811.8957,4811.8961,301.1323,301.1324
58768.78221485557,58781.912214855576,4811.896,4811.8961,301.1322,301.1323
