52211.97021485557,52221.972214855574,4811.8988,4811.8989,301.1327,301.1328
52300.188214855574,52318.133214855574,4811.8973,4811.8973,301.1333,301.1334
52318.334214855575,52319.13621485557,4811.8974,4811.8974,301.1333,301.1333
52358.23321485557,52370.56221485558,4811.8972,4811.8973,301.133,301.1331
52425.39421485557,52443.33921485557,4811.8972,4811.8973,301.1328,301.1329
52443.961214855575,52448.25221485557,4811.8972,4811.8972,301.1328,301.1328
52498.957214855574,52516.94921485557,4811.8968,4811.8969,301.1325,301.1326
52516.95821485557,52533.067214855575,4811.8968,4811.8968,301.1326,301.1326
52570.463214855576,52588.53421485557,4811.8971,4811.8973,301.1325,301.1325
52588.942214855575,52590.61521485558,4811.8973,4811.8973,301.1325,301.1325
52644.25221485557,52662.20021485558,4811.8976,4811.8977,301.1324,301.1324
52662.400214855574,52665.30821485558,4811.8977,4811.8977,301.1324,301.1324
52727.27821485557,52743.94321485557,4811.8976,4811.8976,301.1324,301.1324
52855.035214855576,52862.15521485557,4811.8972,4811.8972,301.1326,301.1326
55517.234214855576,55525.96221485557,4811.8956,4811.8956,301.1326,301.1326
55536.296214855574,55536.89721485558,4811.8956,4811.8956,301.1326,301.1326
55608.11921485557,55626.07421485557,4811.8955,4811.8955,301.1324,301.1324
55626.28621485557,55630.68921485557,4811.8955,4811.8955,301.1324,301.1324
56141.07621485557,56158.84521485557,4811.8953,4811.8954,301.1326,301.1328
56160.63221485558,56177.07921485558,4811.8954,4811.8954,301.1328,301.1328
56236.798214855575,56249.849214855574,4811.8954,4811.8954,301.133,301.1331
56992.804214855576,56995.11721485557,4811.8952,4811.8952,301.1333,301.1333
57325.75421485557,57343.768214855576,4811.8951,4811.8951,301.1332,301.1332
57343.83521485557,57348.762214855575,4811.8951,4811.8951,301.1332,301.1332
57467.008214855574,57482.766214855576,4811.895,4811.895,301.1332,301.1332
57489.959214855575,57494.97121485558,4811.8951,4811.8952,301.1332,301.1333
57557.762214855575,57574.76121485557,4811.8952,4811.8955,301.1332,301.1333
57575.654214855575,57584.758214855574,4811.8955,4811.8955,301.1332,301.1333
57619.14921485558,57637.08521485557,4811.8954,4811.8955,301.1332,301.1333
57637.74421485557,57655.22721485557,4811.8954,4811.8954,301.1329,301.1332
57655.42621485557,57673.74421485557,4811.8953,4811.8954,301.1329,301.133
57673.75221485557,57678.74621485557,4811.8954,4811.8954,301.1329,301.1329
57737.741214855574,57739.20421485558,4811.8954,4811.8954,301.133,301.133
58747.75321485558,58765.37521485557,4811.8954,4811.8961,301.1323,301.1326
58765.57521485558,58769.715214855576,4811.8961,4811.8961,301.1323,301.1324
